{
    "camera_angle_x": 1.4351344964896717,
    "camera_angle_y": 0.49929363336706795,
    "fl_x": 711.5252890399647,
    "fl_y": 735.3929070454187,
    "k1": 0,
    "k2": 0,
    "p1": 0,
    "p2": 0,
    "cx": 621.0,
    "cy": 187.5,
    "w": 1242.0,
    "h": 375.0,
    "aabb_scale": 8,
    "frames": [
        {
            "file_path": "../../../../Kitti/raw_data/2011_09_26/2011_09_26_drive_0002_sync/image_02/data/0000000000.png",
            "sharpness": 735.3877043947601,
            "transform_matrix": [
                [
                    0.5189408312227382,
                    0.009221914127428177,
                    0.8547604167105914,
                    6.574184547492044
                ],
                [
                    0.8544388494248322,
                    0.023873802219774292,
                    -0.5190031735559085,
                    -2.9497476419866184
                ],
                [
                    -0.025192583832235764,
                    0.9996724452804298,
                    0.004509529071842648,
                    -0.07807583221279116
                ],
                [
                    0.0,
                    0.0,
                    0.0,
                    1.0
                ]
            ]
        },
        {
            "file_path": "../../../../Kitti/raw_data/2011_09_26/2011_09_26_drive_0002_sync/image_02/data/0000000001.png",
            "sharpness": 732.2202380641569,
            "transform_matrix": [
                [
                    0.5226169729728719,
                    0.014524963093605125,
                    0.8524438544522368,
                    6.426314312084932
                ],
                [
                    0.8521619790483989,
                    0.021938963409497126,
                    -0.5228179830005824,
                    -2.862455758814985
                ],
                [
                    -0.026295646439234814,
                    0.99965379372921,
                    -0.0009119466482174488,
                    -0.07684759808246074
                ],
                [
                    0.0,
                    0.0,
                    0.0,
                    1.0
                ]
            ]
        },
        {
            "file_path": "../../../../Kitti/raw_data/2011_09_26/2011_09_26_drive_0002_sync/image_02/data/0000000002.png",
            "sharpness": 733.9822201428167,
            "transform_matrix": [
                [
                    0.5256400097123719,
                    0.009929003630834064,
                    0.8506491609718195,
                    6.276497750935618
                ],
                [
                    0.8503431730270438,
                    0.023113171263305605,
                    -0.5257207142584515,
                    -2.774060057377951
                ],
                [
                    -0.024881082623205694,
                    0.999683548022377,
                    0.0037061471148872316,
                    -0.0750563110737164
                ],
                [
                    0.0,
                    0.0,
                    0.0,
                    1.0
                ]
            ]
        },
        {
            "file_path": "../../../../Kitti/raw_data/2011_09_26/2011_09_26_drive_0002_sync/image_02/data/0000000003.png",
            "sharpness": 747.8895440178288,
            "transform_matrix": [
                [
                    0.5281654302194221,
                    0.002911908801278826,
                    0.8491365020383057,
                    6.124454804927283
                ],
                [
                    0.8489017992753389,
                    0.021947957749933595,
                    -0.5280947096285509,
                    -2.685267183198471
                ],
                [
                    -0.02017457570353929,
                    0.9997548739182496,
                    0.009120227926700121,
                    -0.07316382924824237
                ],
                [
                    0.0,
                    0.0,
                    0.0,
                    1.0
                ]
            ]
        },
        {
            "file_path": "../../../../Kitti/raw_data/2011_09_26/2011_09_26_drive_0002_sync/image_02/data/0000000004.png",
            "sharpness": 758.6390616586518,
            "transform_matrix": [
                [
                    0.5305160935478107,
                    0.0022799292742838317,
                    0.8476717975695893,
                    5.973825429266153
                ],
                [
                    0.8473977257238753,
                    0.0241424301410765,
                    -0.5304094998252304,
                    -2.595585935631171
                ],
                [
                    -0.0216741533013943,
                    0.9997059292486685,
                    0.010875940845355474,
                    -0.07117753196688724
                ],
                [
                    0.0,
                    0.0,
                    0.0,
                    1.0
                ]
            ]
        },
        {
            "file_path": "../../../../Kitti/raw_data/2011_09_26/2011_09_26_drive_0002_sync/image_02/data/0000000005.png",
            "sharpness": 780.2040470979613,
            "transform_matrix": [
                [
                    0.531052484367524,
                    0.0075565623713395105,
                    0.8473052326038079,
                    5.823512365685969
                ],
                [
                    0.8470348805481334,
                    0.022051344181273445,
                    -0.5310797015087027,
                    -2.5050197524329243
                ],
                [
                    -0.022697356199343363,
                    0.999728281369734,
                    0.005309749205546541,
                    -0.07092919035143876
                ],
                [
                    0.0,
                    0.0,
                    0.0,
                    1.0
                ]
            ]
        },
        {
            "file_path": "../../../../Kitti/raw_data/2011_09_26/2011_09_26_drive_0002_sync/image_02/data/0000000006.png",
            "sharpness": 767.2132488153309,
            "transform_matrix": [
                [
                    0.5301832318290809,
                    0.007136448958829707,
                    0.8478530602463574,
                    5.6713816247930575
                ],
                [
                    0.8477351869664674,
                    0.014215324618044813,
                    -0.530229174343412,
                    -2.41647597875771
                ],
                [
                    -0.015836459918988827,
                    0.9998734898114925,
                    0.0014869078551043788,
                    -0.06988896974795507
                ],
                [
                    0.0,
                    0.0,
                    0.0,
                    1.0
                ]
            ]
        },
        {
            "file_path": "../../../../Kitti/raw_data/2011_09_26/2011_09_26_drive_0002_sync/image_02/data/0000000007.png",
            "sharpness": 758.7803897067377,
            "transform_matrix": [
                [
                    0.5279312848469712,
                    0.00961395223043554,
                    0.849232671526432,
                    5.519453427679398
                ],
                [
                    0.8491014006274715,
                    0.014933847133150224,
                    -0.5280187417717612,
                    -2.3259656203403116
                ],
                [
                    -0.017758657857220896,
                    0.99984226361855,
                    -0.00027917519971612514,
                    -0.06706373852588132
                ],
                [
                    0.0,
                    0.0,
                    0.0,
                    1.0
                ]
            ]
        },
        {
            "file_path": "../../../../Kitti/raw_data/2011_09_26/2011_09_26_drive_0002_sync/image_02/data/0000000008.png",
            "sharpness": 754.6150197763503,
            "transform_matrix": [
                [
                    0.5263094532082389,
                    0.012024391149497382,
                    0.8502080765710902,
                    5.36687537200658
                ],
                [
                    0.850051649917098,
                    0.016386468816345832,
                    -0.5264443713374799,
                    -2.2348413885824896
                ],
                [
                    -0.02026208117355063,
                    0.9997934274852815,
                    -0.0015970000931339531,
                    -0.06344869034364535
                ],
                [
                    0.0,
                    0.0,
                    0.0,
                    1.0
                ]
            ]
        },
        {
            "file_path": "../../../../Kitti/raw_data/2011_09_26/2011_09_26_drive_0002_sync/image_02/data/0000000009.png",
            "sharpness": 732.1237419264678,
            "transform_matrix": [
                [
                    0.523886348702156,
                    0.011163022117724304,
                    0.8517150230953462,
                    5.211985307539246
                ],
                [
                    0.8516156621687478,
                    0.013258968142647995,
                    -0.5239990111752517,
                    -2.144962321202669
                ],
                [
                    -0.017142274909250882,
                    0.9998497820605564,
                    -0.0025604120647800682,
                    -0.06098480188970139
                ],
                [
                    0.0,
                    0.0,
                    0.0,
                    1.0
                ]
            ]
        },
        {
            "file_path": "../../../../Kitti/raw_data/2011_09_26/2011_09_26_drive_0002_sync/image_02/data/0000000010.png",
            "sharpness": 721.5201389590791,
            "transform_matrix": [
                [
                    0.5199070492548319,
                    0.01047776005451475,
                    0.854158578172085,
                    5.05590746615061
                ],
                [
                    0.8540599304897183,
                    0.013151728217257705,
                    -0.5200083337570285,
                    -2.0555449110165336
                ],
                [
                    -0.016682184022012676,
                    0.9998586142923861,
                    -0.002110958813810765,
                    -0.05837534527548328
                ],
                [
                    0.0,
                    0.0,
                    0.0,
                    1.0
                ]
            ]
        },
        {
            "file_path": "../../../../Kitti/raw_data/2011_09_26/2011_09_26_drive_0002_sync/image_02/data/0000000011.png",
            "sharpness": 699.9254254749836,
            "transform_matrix": [
                [
                    0.5136777998503879,
                    0.006285578655336077,
                    0.8579601444282924,
                    4.898663709670023
                ],
                [
                    0.8578335389431417,
                    0.014912178459257356,
                    -0.5137112480740994,
                    -1.9655876174277966
                ],
                [
                    -0.01602302724054551,
                    0.999869050636191,
                    0.0022680748397152714,
                    -0.05524230740310744
                ],
                [
                    0.0,
                    0.0,
                    0.0,
                    1.0
                ]
            ]
        },
        {
            "file_path": "../../../../Kitti/raw_data/2011_09_26/2011_09_26_drive_0002_sync/image_02/data/0000000012.png",
            "sharpness": 671.800613397665,
            "transform_matrix": [
                [
                    0.5074721833444553,
                    0.006678250505575127,
                    0.8616422599242567,
                    4.740488309749099
                ],
                [
                    0.861452768354546,
                    0.018424128109230616,
                    -0.5075033787056668,
                    -1.8771836897496426
                ],
                [
                    -0.019264242076593677,
                    0.999807957789471,
                    0.0035967351320164223,
                    -0.052886716553148215
                ],
                [
                    0.0,
                    0.0,
                    0.0,
                    1.0
                ]
            ]
        },
        {
            "file_path": "../../../../Kitti/raw_data/2011_09_26/2011_09_26_drive_0002_sync/image_02/data/0000000013.png",
            "sharpness": 651.2818297949531,
            "transform_matrix": [
                [
                    0.5000427800090234,
                    0.006258864540521429,
                    0.8659780856125027,
                    4.5816337868825805
                ],
                [
                    0.865689356017533,
                    0.02319925832523248,
                    -0.5000437313786386,
                    -1.7887656915715016
                ],
                [
                    -0.023219755291150525,
                    0.9997112688238432,
                    0.006182389213611826,
                    -0.051007560073288306
                ],
                [
                    0.0,
                    0.0,
                    0.0,
                    1.0
                ]
            ]
        },
        {
            "file_path": "../../../../Kitti/raw_data/2011_09_26/2011_09_26_drive_0002_sync/image_02/data/0000000014.png",
            "sharpness": 647.7793696727151,
            "transform_matrix": [
                [
                    0.49209554034127034,
                    0.00839705389142878,
                    0.8705006999697137,
                    4.4214083537175854
                ],
                [
                    0.8701366854621383,
                    0.025735644840970268,
                    -0.4921380143796527,
                    -1.7018679528205176
                ],
                [
                    -0.026535406277003227,
                    0.9996335158727531,
                    0.005357811413313575,
                    -0.04857334352961653
                ],
                [
                    0.0,
                    0.0,
                    0.0,
                    1.0
                ]
            ]
        },
        {
            "file_path": "../../../../Kitti/raw_data/2011_09_26/2011_09_26_drive_0002_sync/image_02/data/0000000015.png",
            "sharpness": 641.053580078739,
            "transform_matrix": [
                [
                    0.483853580406222,
                    0.010165160967058266,
                    0.8750899280737823,
                    4.259727614972769
                ],
                [
                    0.8746759338318648,
                    0.027255305415627592,
                    -0.48394127650162266,
                    -1.6162006593943035
                ],
                [
                    -0.028770184230033156,
                    0.9995768193664627,
                    0.004296355449003621,
                    -0.04605500815113986
                ],
                [
                    0.0,
                    0.0,
                    0.0,
                    1.0
                ]
            ]
        },
        {
            "file_path": "../../../../Kitti/raw_data/2011_09_26/2011_09_26_drive_0002_sync/image_02/data/0000000016.png",
            "sharpness": 628.6464444387973,
            "transform_matrix": [
                [
                    0.47529589545497686,
                    0.013841826360358508,
                    0.8797171224844073,
                    4.097111847534159
                ],
                [
                    0.8792999134879891,
                    0.02709945811075908,
                    -0.47549687854925227,
                    -1.531972972460496
                ],
                [
                    -0.030421602537854905,
                    0.9995369043705551,
                    0.0007091444879189224,
                    -0.043562623957236556
                ],
                [
                    0.0,
                    0.0,
                    0.0,
                    1.0
                ]
            ]
        },
        {
            "file_path": "../../../../Kitti/raw_data/2011_09_26/2011_09_26_drive_0002_sync/image_02/data/0000000017.png",
            "sharpness": 625.2825662043194,
            "transform_matrix": [
                [
                    0.4669024861586912,
                    0.013998049573857578,
                    0.8841980112014193,
                    3.932639885118567
                ],
                [
                    0.8837508248642885,
                    0.02812798577581697,
                    -0.46711165257125564,
                    -1.4489509444318553
                ],
                [
                    -0.03140936115129812,
                    0.9995063136418315,
                    0.0007622386319774688,
                    -0.04134106958603976
                ],
                [
                    0.0,
                    0.0,
                    0.0,
                    1.0
                ]
            ]
        },
        {
            "file_path": "../../../../Kitti/raw_data/2011_09_26/2011_09_26_drive_0002_sync/image_02/data/0000000018.png",
            "sharpness": 610.0081911517591,
            "transform_matrix": [
                [
                    0.4590250799893772,
                    0.01186848310732895,
                    0.8883440296614037,
                    3.766288016363398
                ],
                [
                    0.8879521515967305,
                    0.02643166359444717,
                    -0.4591757219565631,
                    -1.3682959310057796
                ],
                [
                    -0.02893012984748284,
                    0.9995801649962447,
                    0.0015941513843513028,
                    -0.03804855794453539
                ],
                [
                    0.0,
                    0.0,
                    0.0,
                    1.0
                ]
            ]
        },
        {
            "file_path": "../../../../Kitti/raw_data/2011_09_26/2011_09_26_drive_0002_sync/image_02/data/0000000019.png",
            "sharpness": 589.1972428750905,
            "transform_matrix": [
                [
                    0.4518559249514161,
                    0.009621575265025918,
                    0.8920390397069533,
                    3.5987110401616964
                ],
                [
                    0.8916828790227534,
                    0.0253694450401036,
                    -0.45194915036540884,
                    -1.2890121613030892
                ],
                [
                    -0.026978998157677604,
                    0.9996318404959569,
                    0.0028839401210477567,
                    -0.03550971645887033
                ],
                [
                    0.0,
                    0.0,
                    0.0,
                    1.0
                ]
            ]
        },
        {
            "file_path": "../../../../Kitti/raw_data/2011_09_26/2011_09_26_drive_0002_sync/image_02/data/0000000020.png",
            "sharpness": 585.1461101284655,
            "transform_matrix": [
                [
                    0.44495044617278945,
                    0.01022022863653057,
                    0.8954968717772478,
                    3.430528924704899
                ],
                [
                    0.895158596133781,
                    0.024679818857118504,
                    -0.44506403394224275,
                    -1.210389367649878
                ],
                [
                    -0.026649356767365046,
                    0.9996431630603763,
                    0.0018325708934955748,
                    -0.03286573010775297
                ],
                [
                    0.0,
                    0.0,
                    0.0,
                    1.0
                ]
            ]
        },
        {
            "file_path": "../../../../Kitti/raw_data/2011_09_26/2011_09_26_drive_0002_sync/image_02/data/0000000021.png",
            "sharpness": 577.5452437733492,
            "transform_matrix": [
                [
                    0.43831431561019635,
                    0.01019037417405537,
                    0.898763994044567,
                    3.2608601248660065
                ],
                [
                    0.8984916767036631,
                    0.022129608444651977,
                    -0.43843242047582537,
                    -1.1327999539053841
                ],
                [
                    -0.024357085687043183,
                    0.999703174292167,
                    0.0005437578022545603,
                    -0.030127149635297525
                ],
                [
                    0.0,
                    0.0,
                    0.0,
                    1.0
                ]
            ]
        },
        {
            "file_path": "../../../../Kitti/raw_data/2011_09_26/2011_09_26_drive_0002_sync/image_02/data/0000000022.png",
            "sharpness": 571.0126675699546,
            "transform_matrix": [
                [
                    0.43192071553051126,
                    0.012062362660905226,
                    0.9018309125818608,
                    3.0896954853241456
                ],
                [
                    0.9016047013520528,
                    0.020307281408633998,
                    -0.43208399278569676,
                    -1.0555080816576492
                ],
                [
                    -0.02352568794575807,
                    0.9997210179416964,
                    -0.0021043473679889166,
                    -0.02684071538953448
                ],
                [
                    0.0,
                    0.0,
                    0.0,
                    1.0
                ]
            ]
        },
        {
            "file_path": "../../../../Kitti/raw_data/2011_09_26/2011_09_26_drive_0002_sync/image_02/data/0000000023.png",
            "sharpness": 576.065074882764,
            "transform_matrix": [
                [
                    0.42537809902541557,
                    0.013213738876991961,
                    0.9049192615697813,
                    2.917036412590614
                ],
                [
                    0.9047336890646381,
                    0.01875225950556224,
                    -0.4255646891306782,
                    -0.9790555638118542
                ],
                [
                    -0.022592581501979316,
                    0.9997368403004264,
                    -0.003978114219610369,
                    -0.023698916140955033
                ],
                [
                    0.0,
                    0.0,
                    0.0,
                    1.0
                ]
            ]
        },
        {
            "file_path": "../../../../Kitti/raw_data/2011_09_26/2011_09_26_drive_0002_sync/image_02/data/0000000024.png",
            "sharpness": 573.479492004134,
            "transform_matrix": [
                [
                    0.4191597632729092,
                    0.013482287654207156,
                    0.9078123819150032,
                    2.7421975589465863
                ],
                [
                    0.9076211144506844,
                    0.019107748599351312,
                    -0.4193552271603703,
                    -0.9030236296013703
                ],
                [
                    -0.023000118570881647,
                    0.9997265235296237,
                    -0.004227609566473764,
                    -0.020426016942250953
                ],
                [
                    0.0,
                    0.0,
                    0.0,
                    1.0
                ]
            ]
        },
        {
            "file_path": "../../../../Kitti/raw_data/2011_09_26/2011_09_26_drive_0002_sync/image_02/data/0000000025.png",
            "sharpness": 557.8345235468728,
            "transform_matrix": [
                [
                    0.41271971781717554,
                    0.011578217296948384,
                    0.9107844857015954,
                    2.5650323398357147
                ],
                [
                    0.9106692743341925,
                    0.015112861144416134,
                    -0.41285963015488547,
                    -0.8276512944098998
                ],
                [
                    -0.018544737975967666,
                    0.9998187567243405,
                    -0.00430655095696196,
                    -0.016403480727011584
                ],
                [
                    0.0,
                    0.0,
                    0.0,
                    1.0
                ]
            ]
        },
        {
            "file_path": "../../../../Kitti/raw_data/2011_09_26/2011_09_26_drive_0002_sync/image_02/data/0000000026.png",
            "sharpness": 531.7622702569444,
            "transform_matrix": [
                [
                    0.40631287560434676,
                    0.010563104996575735,
                    0.9136729545721171,
                    2.38762550126505
                ],
                [
                    0.9136264437185714,
                    0.010646347757223767,
                    -0.4064152760632309,
                    -0.7552526216828364
                ],
                [
                    -0.014020287244013059,
                    0.9998875317143491,
                    -0.005324983880725845,
                    -0.012449742393538472
                ],
                [
                    0.0,
                    0.0,
                    0.0,
                    1.0
                ]
            ]
        },
        {
            "file_path": "../../../../Kitti/raw_data/2011_09_26/2011_09_26_drive_0002_sync/image_02/data/0000000027.png",
            "sharpness": 528.8928409770216,
            "transform_matrix": [
                [
                    0.39936749287875484,
                    0.009229118481952098,
                    0.9167444731163464,
                    2.208360302469541
                ],
                [
                    0.9167393242844835,
                    0.006589319807784844,
                    -0.3994315863509837,
                    -0.6835881346657124
                ],
                [
                    -0.009727123951250114,
                    0.9999357000437907,
                    -0.0058291357094747975,
                    -0.00888542991380235
                ],
                [
                    0.0,
                    0.0,
                    0.0,
                    1.0
                ]
            ]
        },
        {
            "file_path": "../../../../Kitti/raw_data/2011_09_26/2011_09_26_drive_0002_sync/image_02/data/0000000028.png",
            "sharpness": 531.7138271833544,
            "transform_matrix": [
                [
                    0.3926045226299387,
                    0.0030662612900270864,
                    0.9197022816312914,
                    2.0262437228271875
                ],
                [
                    0.9196983587525248,
                    0.003123433077994425,
                    -0.39261326145926806,
                    -0.612276583539826
                ],
                [
                    -0.004076483373917937,
                    0.9999904210506503,
                    -0.001593761523391718,
                    -0.006183738927084814
                ],
                [
                    0.0,
                    0.0,
                    0.0,
                    1.0
                ]
            ]
        },
        {
            "file_path": "../../../../Kitti/raw_data/2011_09_26/2011_09_26_drive_0002_sync/image_02/data/0000000029.png",
            "sharpness": 544.7875793256238,
            "transform_matrix": [
                [
                    0.3856934395194226,
                    -0.003181265634052008,
                    0.9226215097461296,
                    1.8426662757812766
                ],
                [
                    0.9226269395812486,
                    0.0016744629943162437,
                    -0.3856899357418904,
                    -0.5418505109610753
                ],
                [
                    -0.0003179134378546479,
                    0.9999935378332174,
                    0.003580950767566274,
                    -0.0032266459953413907
                ],
                [
                    0.0,
                    0.0,
                    0.0,
                    1.0
                ]
            ]
        },
        {
            "file_path": "../../../../Kitti/raw_data/2011_09_26/2011_09_26_drive_0002_sync/image_02/data/0000000030.png",
            "sharpness": 548.2798513406615,
            "transform_matrix": [
                [
                    0.3783683192798981,
                    -0.006375814876799002,
                    0.9256331692066496,
                    1.658046658505533
                ],
                [
                    0.9256488253150664,
                    -0.0010838280640288024,
                    -0.3783821844504961,
                    -0.47244921239947985
                ],
                [
                    0.003415721966517269,
                    0.999979086924788,
                    0.005491679348160389,
                    -0.0009430870635343005
                ],
                [
                    0.0,
                    0.0,
                    0.0,
                    1.0
                ]
            ]
        },
        {
            "file_path": "../../../../Kitti/raw_data/2011_09_26/2011_09_26_drive_0002_sync/image_02/data/0000000031.png",
            "sharpness": 538.7999956898311,
            "transform_matrix": [
                [
                    0.37092894678669763,
                    -0.004852173282138231,
                    0.9286485733773221,
                    1.4726428394713182
                ],
                [
                    0.9286518254848701,
                    -0.00256698880541763,
                    -0.3709436582448272,
                    -0.40417535201802995
                ],
                [
                    0.0041837133997408155,
                    0.9999849333707288,
                    0.0035538091220198437,
                    0.0006989508876612299
                ],
                [
                    0.0,
                    0.0,
                    0.0,
                    1.0
                ]
            ]
        },
        {
            "file_path": "../../../../Kitti/raw_data/2011_09_26/2011_09_26_drive_0002_sync/image_02/data/0000000032.png",
            "sharpness": 531.5066360621015,
            "transform_matrix": [
                [
                    0.3631692133891655,
                    -0.0028909984772020614,
                    0.9317187153640757,
                    1.2858531004806553
                ],
                [
                    0.9317148307999301,
                    -0.0031117726459607923,
                    -0.36317735466080703,
                    -0.33622808834976387
                ],
                [
                    0.0039492419914783465,
                    0.9999909794514913,
                    0.0015634861329497096,
                    0.002907660833745837
                ],
                [
                    0.0,
                    0.0,
                    0.0,
                    1.0
                ]
            ]
        },
        {
            "file_path": "../../../../Kitti/raw_data/2011_09_26/2011_09_26_drive_0002_sync/image_02/data/0000000033.png",
            "sharpness": 521.3559605355885,
            "transform_matrix": [
                [
                    0.3556783276578298,
                    -0.0003527252543759213,
                    0.9346083686790999,
                    1.097024987612281
                ],
                [
                    0.9346064420942701,
                    -0.0019310036112224244,
                    -0.3556783232373142,
                    -0.26856488527165573
                ],
                [
                    0.0019301888620379473,
                    0.9999980733958924,
                    -0.0003571568401116998,
                    0.00553647219470852
                ],
                [
                    0.0,
                    0.0,
                    0.0,
                    1.0
                ]
            ]
        },
        {
            "file_path": "../../../../Kitti/raw_data/2011_09_26/2011_09_26_drive_0002_sync/image_02/data/0000000034.png",
            "sharpness": 509.55477840752405,
            "transform_matrix": [
                [
                    0.3487513804579502,
                    -4.498605130118238e-06,
                    0.9372152765475074,
                    0.9066485287627697
                ],
                [
                    0.9372133127350145,
                    -0.0020454637568561042,
                    -0.34875065951227047,
                    -0.20223865993060583
                ],
                [
                    0.0019186087720558277,
                    0.9999979080194769,
                    -0.0007091421562635536,
                    0.008141967047072379
                ],
                [
                    0.0,
                    0.0,
                    0.0,
                    1.0
                ]
            ]
        },
        {
            "file_path": "../../../../Kitti/raw_data/2011_09_26/2011_09_26_drive_0002_sync/image_02/data/0000000035.png",
            "sharpness": 520.8892948575304,
            "transform_matrix": [
                [
                    0.3425136081007412,
                    -0.0004979396615991671,
                    0.9395127355749305,
                    0.7141947301306677
                ],
                [
                    0.9395071052624657,
                    -0.0033208218832274745,
                    -0.3425133155124428,
                    -0.13748539423592204
                ],
                [
                    0.003290505416287625,
                    0.9999943620759375,
                    -0.0006696088350196944,
                    0.011222997874136772
                ],
                [
                    0.0,
                    0.0,
                    0.0,
                    1.0
                ]
            ]
        },
        {
            "file_path": "../../../../Kitti/raw_data/2011_09_26/2011_09_26_drive_0002_sync/image_02/data/0000000036.png",
            "sharpness": 519.5332813886488,
            "transform_matrix": [
                [
                    0.3369706518942402,
                    -0.0027667596961765406,
                    0.9415110858552534,
                    0.5202197147660171
                ],
                [
                    0.941502758956905,
                    -0.00414042033951274,
                    -0.33697983885673627,
                    -0.07327593754856357
                ],
                [
                    0.004830593886324716,
                    0.9999876008960031,
                    0.0012097117463992363,
                    0.014177682261167716
                ],
                [
                    0.0,
                    0.0,
                    0.0,
                    1.0
                ]
            ]
        },
        {
            "file_path": "../../../../Kitti/raw_data/2011_09_26/2011_09_26_drive_0002_sync/image_02/data/0000000037.png",
            "sharpness": 528.3890800210376,
            "transform_matrix": [
                [
                    0.3320199082621689,
                    -0.004537521056854635,
                    0.943261465027499,
                    0.32457579149142857
                ],
                [
                    0.9432421556231779,
                    -0.0064078333263632254,
                    -0.33204393614003297,
                    -0.010056486139609837
                ],
                [
                    0.007550918603113715,
                    0.9999691748050381,
                    0.002152452909674765,
                    0.01715335651780257
                ],
                [
                    0.0,
                    0.0,
                    0.0,
                    1.0
                ]
            ]
        },
        {
            "file_path": "../../../../Kitti/raw_data/2011_09_26/2011_09_26_drive_0002_sync/image_02/data/0000000038.png",
            "sharpness": 525.8869362302869,
            "transform_matrix": [
                [
                    0.3284558183279483,
                    -0.007237002737559478,
                    0.9444916099063445,
                    0.1270761290270093
                ],
                [
                    0.9444554516966623,
                    -0.009113659420921646,
                    -0.3285130758012178,
                    0.05277046699208524
                ],
                [
                    0.010985224887501914,
                    0.9999322812015249,
                    0.0038415922263707325,
                    0.01934623372789461
                ],
                [
                    0.0,
                    0.0,
                    0.0,
                    1.0
                ]
            ]
        },
        {
            "file_path": "../../../../Kitti/raw_data/2011_09_26/2011_09_26_drive_0002_sync/image_02/data/0000000039.png",
            "sharpness": 530.8764281151018,
            "transform_matrix": [
                [
                    0.3257410322342498,
                    -0.008989011158617125,
                    0.9454162985600256,
                    -0.07212633363542943
                ],
                [
                    0.9453485422431631,
                    -0.012190314341635037,
                    -0.3258335923672427,
                    0.11512161879829308
                ],
                [
                    0.014453843660793275,
                    0.9998852903709468,
                    0.004526863018102109,
                    0.02150766260556077
                ],
                [
                    0.0,
                    0.0,
                    0.0,
                    1.0
                ]
            ]
        },
        {
            "file_path": "../../../../Kitti/raw_data/2011_09_26/2011_09_26_drive_0002_sync/image_02/data/0000000040.png",
            "sharpness": 540.2063993446341,
            "transform_matrix": [
                [
                    0.32373266629010733,
                    -0.010779818509874223,
                    0.9460871821746536,
                    -0.27237464084236207
                ],
                [
                    0.9459907535834742,
                    -0.01457626872691236,
                    -0.3238657538618978,
                    0.17753650131781132
                ],
                [
                    0.017281635054659916,
                    0.9998356504388339,
                    0.0054787942961245645,
                    0.023232490499615625
                ],
